required_employees:
[2, 9, 6, 2, 7, 4, 2, 5, 2, 1, 5, 9]

shift_patterns:
[[0, 0, 0, 0, 0, 1, 1, 1, 1, 0, 0, 0], [0, 0, 0, 1, 1, 1, 1, 1, 1, 1, 0, 0], [0, 0, 1, 1, 1, 1, 1, 1, 1, 0, 0, 0], [1, 1, 1, 1, 0, 0, 0, 0, 0, 0, 0, 0], [0, 0, 0, 0, 0, 0, 0, 1, 1, 1, 1, 1], [0, 0, 0, 1, 1, 1, 1, 1, 0, 0, 0, 0]]

preferences:
[[0, 0, 0, 0, 0, 0, 1, 1, 1, 0, 0, 0], [0, 0, 0, 0, 1, 1, 1, 0, 0, 0, 0, 0], [0, 1, 1, 1, 1, 1, 1, 0, 0, 0, 0, 0], [0, 0, 0, 0, 0, 1, 1, 1, 1, 0, 0, 0], [0, 0, 1, 1, 1, 0, 0, 0, 0, 0, 0, 0]]

unavailable_slots:
[[1, 0, 0, 0, 0, 0, 0, 0, 0, 0, 0, 0], [0, 1, 0, 1, 0, 0, 0, 0, 0, 1, 1, 1], [1, 0, 0, 0, 0, 0, 0, 1, 0, 1, 0, 0], [1, 1, 0, 0, 1, 0, 0, 0, 0, 1, 1, 0], [0, 0, 0, 0, 0, 1, 0, 1, 0, 0, 1, 0]]

